<TrackLocators>
  <Locator Version="2">
    <Name value="barn_finds_anna_hint_FOR_RS500_87"/>
    <GUID value="0"/>
    <SceneTransform value._11="0.736107" value._12="-0.029811" value._13="0.676208" value._14="0" value._21="0.036889" value._22="0.999312" value._23="0.003898" value._24="0" value._31="-0.675859" value._32="0.022075" value._33="0.736700" value._34="0" value._41="1594.553550" value._42="109.579788" value._43="-4772.609087" value._44="1"/>
    <AttachTo/>
  </Locator>
  <Locator Version="2">
    <Name value="barn_finds_anna_hint_HON_NSXRGT_05"/>
    <GUID value="0"/>
    <SceneTransform value._11="0.842983" value._12="-0.029811" value._13="-0.537113" value._14="0" value._21="0.013268" value._22="0.999312" value._23="-0.034640" value._24="0" value._31="0.537776" value._32="0.022075" value._33="0.842798" value._34="0" value._41="-2765.409239" value._42="225.975884" value._43="-2509.791265" value._44="1"/>
    <AttachTo/>
  </Locator>
  <Locator Version="2">
    <Name value="barn_finds_anna_hint_LAM_DiabloSV_97"/>
    <GUID value="0"/>
    <SceneTransform value._11="-0.825783" value._12="-0.029811" value._13="0.563199" value._14="0" value._21="-0.012178" value._22="0.999312" value._23="0.035038" value._24="0" value._31="-0.563856" value._32="0.022075" value._33="-0.825578" value._34="0" value._41="4496.323534" value._42="108.166506" value._43="-775.119450" value._44="1"/>
    <AttachTo/>
  </Locator>
  <Locator Version="2">
    <Name value="barn_finds_anna_hint_LIN_Continental_62"/>
    <GUID value="0"/>
    <SceneTransform value._11="-0.969292" value._12="-0.029811" value._13="-0.244100" value._14="0" value._21="-0.034294" value._22="0.999312" value._23="0.014138" value._24="0" value._31="0.243510" value._32="0.022075" value._33="-0.969647" value._34="0" value._41="-624.948890" value._42="147.695413" value._43="2957.497329" value._44="1"/>
    <AttachTo/>
  </Locator>
  <Locator Version="2">
    <Name value="barn_finds_anna_hint_MAZ_55_787B_91"/>
    <GUID value="0"/>
    <SceneTransform value._11="0.844987" value._12="-0.029811" value._13="-0.533955" value._14="0" value._21="0.013397" value._22="0.999312" value._23="-0.034590" value._24="0" value._31="0.534619" value._32="0.022075" value._33="0.844805" value._34="0" value._41="1587.951792" value._42="444.979013" value._43="5949.081769" value._44="1"/>
    <AttachTo/>
  </Locator>
  <Locator Version="2">
    <Name value="barn_finds_anna_hint_MIT_1_EvoTA_05"/>
    <GUID value="0"/>
    <SceneTransform value._11="-0.999556" value._12="-0.029811" value._13="0.000114" value._14="0" value._21="-0.029801" value._22="0.999312" value._23="0.022088" value._24="0" value._31="-0.000773" value._32="0.022075" value._33="-0.999756" value._34="0" value._41="-5289.747770" value._42="172.865824" value._43="450.583310" value._44="1"/>
    <AttachTo/>
  </Locator>
  <Locator Version="2">
    <Name value="barn_finds_anna_hint_MIT_PajeroEvo_97"/>
    <GUID value="0"/>
    <SceneTransform value._11="0.999144" value._12="-0.029811" value._13="-0.028672" value._14="0" value._21="0.029158" value._22="0.999312" value._23="-0.022931" value._24="0" value._31="0.029336" value._32="0.022075" value._33="0.999326" value._34="0" value._41="-5105.667688" value._42="265.183697" value._43="-2489.553764" value._44="1"/>
    <AttachTo/>
  </Locator>
  <Locator Version="2">
    <Name value="barn_finds_anna_hint_NIS_11_Skyline_84"/>
    <GUID value="0"/>
    <SceneTransform value._11="0.817537" value._12="-0.029811" value._13="-0.575104" value._14="0" value._21="0.011670" value._22="0.999312" value._23="-0.035211" value._24="0" value._31="0.575758" value._32="0.022075" value._33="0.817322" value._34="0" value._41="3855.903208" value._42="180.709086" value._43="112.795315" value._44="1"/>
    <AttachTo/>
  </Locator>
  <Locator Version="2">
    <Name value="barn_finds_anna_hint_NIS_23_Skyline_98"/>
    <GUID value="0"/>
    <SceneTransform value._11="0.115313" value._12="-0.029811" value._13="-0.992882" value._14="0" value._21="-0.018499" value._22="0.999312" value._23="-0.032152" value._24="0" value._31="0.993157" value._32="0.022075" value._33="0.114682" value._34="0" value._41="-682.650601" value._42="345.083919" value._43="5049.386437" value._44="1"/>
    <AttachTo/>
  </Locator>
  <Locator Version="2">
    <Name value="barn_finds_anna_hint_NIS_Pao_89"/>
    <GUID value="0"/>
    <SceneTransform value._11="0.716265" value._12="-0.029811" value._13="0.697191" value._14="0" value._21="0.036761" value._22="0.999312" value._23="0.004962" value._24="0" value._31="-0.696860" value._32="0.022075" value._33="0.716868" value._34="0" value._41="-297.985163" value._42="152.178421" value._43="-657.764663" value._44="1"/>
    <AttachTo/>
  </Locator>
  <Locator Version="2">
    <Name value="barn_finds_anna_hint_NIS_R390_98"/>
    <GUID value="0"/>
    <SceneTransform value._11="-0.992552" value._12="-0.029811" value._13="-0.118120" value._14="0" value._21="-0.032204" value._22="0.999312" value._23="0.018408" value._24="0" value._31="0.117490" value._32="0.022075" value._33="-0.992829" value._34="0" value._41="-4042.423915" value._42="297.935260" value._43="-3239.540890" value._44="1"/>
    <AttachTo/>
  </Locator>
  <Locator Version="2">
    <Name value="barn_finds_anna_hint_NIS_Skyline2000GTR_71"/>
    <GUID value="0"/>
    <SceneTransform value._11="-0.262858" value._12="-0.029811" value._13="0.964374" value._14="0" value._21="0.013470" value._22="0.999312" value._23="0.034562" value._24="0" value._31="-0.964741" value._32="0.022075" value._33="-0.262275" value._34="0" value._41="-3215.553780" value._42="130.883694" value._43="-8051.823611" value._44="1"/>
    <AttachTo/>
  </Locator>
  <Locator Version="2">
    <Name value="barn_finds_anna_hint_PEU_205T16_84"/>
    <GUID value="0"/>
    <SceneTransform value._11="-0.196856" value._12="0.091583" value._13="0.976146" value._14="0" value._21="-0.368375" value._22="0.915769" value._23="-0.160207" value._24="0" value._31="-0.908596" value._32="-0.391125" value._33="-0.146538" value._34="0" value._41="-6437.725920" value._42="149.232132" value._43="-246.596197" value._44="1"/>
    <AttachTo/>
  </Locator>
  <Locator Version="2">
    <Name value="barn_finds_anna_hint_POR_911Turbo_82"/>
    <GUID value="0"/>
    <SceneTransform value._11="-0.258094" value._12="-0.029811" value._13="-0.965660" value._14="0" value._21="-0.029031" value._22="0.999312" value._23="-0.023090" value._24="0" value._31="0.965683" value._32="0.022075" value._33="-0.258782" value._34="0" value._41="-2397.073880" value._42="134.650882" value._43="-3965.614148" value._44="1"/>
    <AttachTo/>
  </Locator>
  <Locator Version="2">
    <Name value="barn_finds_anna_hint_TOY_2000GT_69"/>
    <GUID value="0"/>
    <SceneTransform value._11="-0.977234" value._12="-0.029811" value._13="-0.210059" value._14="0" value._21="-0.033779" value._22="0.999312" value._23="0.015328" value._24="0" value._31="0.209457" value._32="0.022075" value._33="-0.977569" value._34="0" value._41="5409.626288" value._42="112.683694" value._43="675.121792" value._44="1"/>
    <AttachTo/>
  </Locator>
  <Locator Version="2">
    <Name value="barn_finds_cinematic_FOR_RS500_87"/>
    <GUID value="0"/>
    <SceneTransform value._11="1.000000" value._12="0.000000" value._13="0.000000" value._14="0" value._21="-0.000000" value._22="1.000000" value._23="0.000000" value._24="0" value._31="-0.000000" value._32="-0.000000" value._33="1.000000" value._34="0" value._41="1538.795834" value._42="127.182986" value._43="-4604.505568" value._44="1"/>
    <AttachTo/>
  </Locator>
  <Locator Version="2">
    <Name value="barn_finds_cinematic_HON_NSXRGT_05"/>
    <GUID value="0"/>
    <SceneTransform value._11="1.000000" value._12="0.000000" value._13="0.000000" value._14="0" value._21="0.000000" value._22="1.000000" value._23="-0.000000" value._24="0" value._31="-0.000000" value._32="0.000000" value._33="1.000000" value._34="0" value._41="-3034.474089" value._42="225.785942" value._43="-2436.926810" value._44="1"/>
    <AttachTo/>
  </Locator>
  <Locator Version="2">
    <Name value="barn_finds_cinematic_LAM_DiabloSV_97"/>
    <GUID value="0"/>
    <SceneTransform value._11="1.000000" value._12="-0.000000" value._13="-0.000000" value._14="0" value._21="0.000000" value._22="1.000000" value._23="-0.000000" value._24="0" value._31="0.000000" value._32="0.000000" value._33="1.000000" value._34="0" value._41="4271.799311" value._42="162.721415" value._43="-815.537273" value._44="1"/>
    <AttachTo/>
  </Locator>
  <Locator Version="2">
    <Name value="barn_finds_cinematic_LIN_Continental_62"/>
    <GUID value="0"/>
    <SceneTransform value._11="1.000000" value._12="0.000000" value._13="0.000001" value._14="0" value._21="-0.000000" value._22="1.000000" value._23="0.000000" value._24="0" value._31="-0.000001" value._32="-0.000000" value._33="1.000000" value._34="0" value._41="-497.366515" value._42="151.105728" value._43="2954.664712" value._44="1"/>
    <AttachTo/>
  </Locator>
  <Locator Version="2">
    <Name value="barn_finds_cinematic_MAZ_55_787B_91"/>
    <GUID value="0"/>
    <SceneTransform value._11="1.000000" value._12="-0.000000" value._13="-0.000000" value._14="0" value._21="0.000000" value._22="1.000000" value._23="0.000000" value._24="0" value._31="0.000000" value._32="-0.000000" value._33="1.000000" value._34="0" value._41="2228.178954" value._42="415.252011" value._43="5801.672781" value._44="1"/>
    <AttachTo/>
  </Locator>
  <Locator Version="2">
    <Name value="barn_finds_cinematic_MIT_1_EvoTA_05"/>
    <GUID value="0"/>
    <SceneTransform value._11="1.000000" value._12="-0.000000" value._13="-0.000000" value._14="0" value._21="0.000000" value._22="1.000000" value._23="-0.000000" value._24="0" value._31="0.000000" value._32="0.000000" value._33="1.000000" value._34="0" value._41="-5268.911051" value._42="162.865775" value._43="345.837581" value._44="1"/>
    <AttachTo/>
  </Locator>
  <Locator Version="2">
    <Name value="barn_finds_cinematic_MIT_PajeroEvo_97"/>
    <GUID value="0"/>
    <SceneTransform value._11="1.000000" value._12="-0.000000" value._13="-0.000000" value._14="0" value._21="0.000000" value._22="1.000000" value._23="-0.000000" value._24="0" value._31="0.000000" value._32="0.000000" value._33="1.000000" value._34="0" value._41="-4867.159480" value._42="232.842925" value._43="-2458.669389" value._44="1"/>
    <AttachTo/>
  </Locator>
  <Locator Version="2">
    <Name value="barn_finds_cinematic_NIS_11_Skyline_84"/>
    <GUID value="0"/>
    <SceneTransform value._11="1.000000" value._12="0.000000" value._13="-0.000000" value._14="0" value._21="-0.000000" value._22="1.000000" value._23="0.000000" value._24="0" value._31="0.000000" value._32="-0.000000" value._33="1.000000" value._34="0" value._41="3835.521957" value._42="185.857878" value._43="-18.474851" value._44="1"/>
    <AttachTo/>
  </Locator>
  <Locator Version="2">
    <Name value="barn_finds_cinematic_NIS_23_Skyline_98"/>
    <GUID value="0"/>
    <SceneTransform value._11="1.000000" value._12="0.000000" value._13="-0.000000" value._14="0" value._21="-0.000000" value._22="1.000000" value._23="0.000000" value._24="0" value._31="0.000000" value._32="-0.000000" value._33="1.000000" value._34="0" value._41="-488.882091" value._42="356.140633" value._43="5102.889172" value._44="1"/>
    <AttachTo/>
  </Locator>
  <Locator Version="2">
    <Name value="barn_finds_cinematic_NIS_Pao_89"/>
    <GUID value="0"/>
    <SceneTransform value._11="1.000000" value._12="-0.000000" value._13="-0.000000" value._14="0" value._21="0.000000" value._22="1.000000" value._23="0.000000" value._24="0" value._31="0.000000" value._32="-0.000000" value._33="1.000000" value._34="0" value._41="-158.228958" value._42="141.486942" value._43="-383.381283" value._44="1"/>
    <AttachTo/>
  </Locator>
  <Locator Version="2">
    <Name value="barn_finds_cinematic_NIS_R390_98"/>
    <GUID value="0"/>
    <SceneTransform value._11="1.000000" value._12="0.000000" value._13="-0.000000" value._14="0" value._21="-0.000000" value._22="1.000000" value._23="-0.000000" value._24="0" value._31="0.000000" value._32="0.000000" value._33="1.000000" value._34="0" value._41="-4007.334461" value._42="308.478229" value._43="-3514.158669" value._44="1"/>
    <AttachTo/>
  </Locator>
  <Locator Version="2">
    <Name value="barn_finds_cinematic_NIS_Skyline2000GTR_71"/>
    <GUID value="0"/>
    <SceneTransform value._11="1.000000" value._12="-0.000000" value._13="-0.000000" value._14="0" value._21="0.000000" value._22="1.000000" value._23="-0.000000" value._24="0" value._31="0.000000" value._32="0.000000" value._33="1.000000" value._34="0" value._41="-3400.328979" value._42="115.544668" value._43="-8155.168925" value._44="1"/>
    <AttachTo/>
  </Locator>
  <Locator Version="2">
    <Name value="barn_finds_cinematic_PEU_205T16_84"/>
    <GUID value="0"/>
    <SceneTransform value._11="1.000000" value._12="0.000000" value._13="-0.000000" value._14="0" value._21="-0.000000" value._22="1.000000" value._23="0.000000" value._24="0" value._31="0.000000" value._32="0.000000" value._33="1.000000" value._34="0" value._41="-6561.872016" value._42="165.975101" value._43="-114.035598" value._44="1"/>
    <AttachTo/>
  </Locator>
  <Locator Version="2">
    <Name value="barn_finds_cinematic_POR_911Turbo_82"/>
    <GUID value="0"/>
    <SceneTransform value._11="1.000000" value._12="-0.000000" value._13="-0.000000" value._14="0" value._21="0.000000" value._22="1.000000" value._23="-0.000000" value._24="0" value._31="0.000000" value._32="0.000000" value._33="1.000000" value._34="0" value._41="-2130.372311" value._42="128.240371" value._43="-3640.619219" value._44="1"/>
    <AttachTo/>
  </Locator>
  <Locator Version="2">
    <Name value="barn_finds_cinematic_TOY_2000GT_69"/>
    <GUID value="0"/>
    <SceneTransform value._11="1.000000" value._12="-0.000000" value._13="-0.000000" value._14="0" value._21="0.000000" value._22="1.000000" value._23="0.000000" value._24="0" value._31="0.000000" value._32="-0.000000" value._33="1.000000" value._34="0" value._41="5487.800118" value._42="109.700002" value._43="512.500011" value._44="1"/>
    <AttachTo/>
  </Locator>
  <Locator Version="2">
    <Name value="barn_finds_exit_locator_FOR_RS500_87"/>
    <GUID value="0"/>
    <SceneTransform value._11="0.856279" value._12="-0.029811" value._13="-0.515653" value._14="0" value._21="0.014138" value._22="0.999312" value._23="-0.034294" value._24="0" value._31="0.516320" value._32="0.022075" value._33="0.856111" value._34="0" value._41="1545.243295" value._42="124.469314" value._43="-4597.912208" value._44="1"/>
    <AttachTo/>
  </Locator>
  <Locator Version="2">
    <Name value="barn_finds_exit_locator_HON_NSXRGT_05"/>
    <GUID value="0"/>
    <SceneTransform value._11="0.899114" value._12="-0.029811" value._13="-0.436698" value._14="0" value._21="0.017160" value._22="0.999312" value._23="-0.032887" value._24="0" value._31="0.437378" value._32="0.022075" value._33="0.899007" value._34="0" value._41="-3027.194010" value._42="231.744146" value._43="-2421.679349" value._44="1"/>
    <AttachTo/>
  </Locator>
  <Locator Version="2">
    <Name value="barn_finds_exit_locator_LAM_DiabloSV_97"/>
    <GUID value="0"/>
    <SceneTransform value._11="0.847271" value._12="-0.029811" value._13="0.530323" value._14="0" value._21="0.036980" value._22="0.999312" value._23="-0.002908" value._24="0" value._31="-0.529871" value._32="0.022075" value._33="0.847791" value._34="0" value._41="4266.324310" value._42="159.289920" value._43="-805.198943" value._44="1"/>
    <AttachTo/>
  </Locator>
  <Locator Version="2">
    <Name value="barn_finds_exit_locator_LIN_Continental_62"/>
    <GUID value="0"/>
    <SceneTransform value._11="0.998245" value._12="-0.029811" value._13="-0.051164" value._14="0" value._21="0.028634" value._22="0.999312" value._23="-0.023581" value._24="0" value._31="0.051832" value._32="0.022075" value._33="0.998412" value._34="0" value._41="-497.314171" value._42="149.811539" value._43="2971.774087" value._44="1"/>
    <AttachTo/>
  </Locator>
  <Locator Version="2">
    <Name value="barn_finds_exit_locator_MAZ_55_787B_91"/>
    <GUID value="0"/>
    <SceneTransform value._11="-0.408704" value._12="-0.029811" value._13="0.912180" value._14="0" value._21="0.007968" value._22="0.999312" value._23="0.036228" value._24="0" value._31="-0.912632" value._32="0.022075" value._33="-0.408185" value._34="0" value._41="2208.443797" value._42="414.619687" value._43="5795.817703" value._44="1"/>
    <AttachTo/>
  </Locator>
  <Locator Version="2">
    <Name value="barn_finds_exit_locator_MIT_1_EvoTA_05"/>
    <GUID value="0"/>
    <SceneTransform value._11="0.139726" value._12="-0.029811" value._13="0.989741" value._14="0" value._21="0.026034" value._22="0.999312" value._23="0.026424" value._24="0" value._31="-0.989848" value._32="0.022075" value._33="0.140406" value._34="0" value._41="-5288.524723" value._42="161.075150" value._43="350.048152" value._44="1"/>
    <AttachTo/>
  </Locator>
  <Locator Version="2">
    <Name value="barn_finds_exit_locator_MIT_PajeroEvo_97"/>
    <GUID value="0"/>
    <SceneTransform value._11="-0.006914" value._12="-0.049880" value._13="0.998731" value._14="0" value._21="-0.060394" value._22="0.996953" value._23="0.049373" value._24="0" value._31="-0.998151" value._32="-0.059976" value._33="-0.009905" value._34="0" value._41="-4886.823543" value._42="232.842925" value._43="-2456.622709" value._44="1"/>
    <AttachTo/>
  </Locator>
  <Locator Version="2">
    <Name value="barn_finds_exit_locator_NIS_11_Skyline_84"/>
    <GUID value="0"/>
    <SceneTransform value._11="0.723257" value._12="-0.029811" value._13="0.689935" value._14="0" value._21="0.036809" value._22="0.999312" value._23="0.004592" value._24="0" value._31="-0.689597" value._32="0.022075" value._33="0.723857" value._34="0" value._41="3823.126645" value._42="182.725382" value._43="-4.540703" value._44="1"/>
    <AttachTo/>
  </Locator>
  <Locator Version="2">
    <Name value="barn_finds_exit_locator_NIS_23_Skyline_98"/>
    <GUID value="0"/>
    <SceneTransform value._11="-0.704788" value._12="-0.029811" value._13="0.708791" value._14="0" value._21="-0.005354" value._22="0.999312" value._23="0.036706" value._24="0" value._31="-0.709398" value._32="0.022075" value._33="-0.704463" value._34="0" value._41="-500.599669" value._42="351.210945" value._43="5093.350110" value._44="1"/>
    <AttachTo/>
  </Locator>
  <Locator Version="2">
    <Name value="barn_finds_exit_locator_NIS_Pao_89"/>
    <GUID value="0"/>
    <SceneTransform value._11="0.287231" value._12="-0.029811" value._13="0.957397" value._14="0" value._21="0.029718" value._22="0.999312" value._23="0.022200" value._24="0" value._31="-0.957400" value._32="0.022075" value._33="0.287919" value._34="0" value._41="-177.055985" value._42="140.396024" value._43="-375.999642" value._44="1"/>
    <AttachTo/>
  </Locator>
  <Locator Version="2">
    <Name value="barn_finds_exit_locator_NIS_R390_98"/>
    <GUID value="0"/>
    <SceneTransform value._11="0.378843" value._12="-0.029811" value._13="0.924981" value._14="0" value._21="0.031733" value._22="0.999312" value._23="0.019210" value._24="0" value._31="-0.924917" value._32="0.022075" value._33="0.379529" value._34="0" value._41="-4026.069227" value._42="304.175885" value._43="-3505.559841" value._44="1"/>
    <AttachTo/>
  </Locator>
  <Locator Version="2">
    <Name value="barn_finds_exit_locator_NIS_Skyline2000GTR_71"/>
    <GUID value="0"/>
    <SceneTransform value._11="-0.300718" value._12="-0.029811" value._13="-0.953247" value._14="0" value._21="-0.030028" value._22="0.999312" value._23="-0.021778" value._24="0" value._31="0.953240" value._32="0.022075" value._33="-0.301406" value._34="0" value._41="-3382.462573" value._42="112.995059" value._43="-8159.691582" value._44="1"/>
    <AttachTo/>
  </Locator>
  <Locator Version="2">
    <Name value="barn_finds_exit_locator_PEU_205T16_84"/>
    <GUID value="0"/>
    <SceneTransform value._11="-0.999396" value._12="-0.029811" value._13="-0.017847" value._14="0" value._21="-0.030193" value._22="0.999312" value._23="0.021549" value._24="0" value._31="0.017193" value._32="0.022075" value._33="-0.999608" value._34="0" value._41="-6563.650141" value._42="158.241507" value._43="-133.383377" value._44="1"/>
    <AttachTo/>
  </Locator>
  <Locator Version="2">
    <Name value="barn_finds_exit_locator_POR_911Turbo_82"/>
    <GUID value="0"/>
    <SceneTransform value._11="-0.475613" value._12="-0.029811" value._13="0.879149" value._14="0" value._21="0.005243" value._22="0.999312" value._23="0.036722" value._24="0" value._31="-0.879639" value._32="0.022075" value._33="-0.475130" value._34="0" value._41="-2144.407663" value._42="125.624551" value._43="-3649.313360" value._44="1"/>
    <AttachTo/>
  </Locator>
  <Locator Version="2">
    <Name value="barn_finds_exit_locator_TOY_2000GT_69"/>
    <GUID value="0"/>
    <SceneTransform value._11="-0.998408" value._12="-0.029811" value._13="0.047879" value._14="0" value._21="-0.028711" value._22="0.999312" value._23="0.023487" value._24="0" value._31="-0.048546" value._32="0.022075" value._33="-0.998577" value._34="0" value._41="5487.800118" value._42="109.700002" value._43="512.500011" value._44="1"/>
    <AttachTo/>
  </Locator>
  <Locator Version="2">
    <Name value="build_test_location"/>
    <GUID value="0"/>
    <SceneTransform value._11="0.308714" value._12="-0.000000" value._13="-0.951155" value._14="0" value._21="-0.000000" value._22="1.000000" value._23="-0.000000" value._24="0" value._31="0.951155" value._32="0.000000" value._33="0.308714" value._34="0" value._41="-5118.900110" value._42="139.300003" value._43="239.300005" value._44="1"/>
    <AttachTo/>
  </Locator>
  <Locator Version="2">
    <Name value="carmeet_daikoku_characterlocator_001"/>
    <GUID value="0"/>
    <SceneTransform value._11="0.284563" value._12="0.000000" value._13="0.958657" value._14="0" value._21="-0.000000" value._22="1.000000" value._23="-0.000000" value._24="0" value._31="-0.958657" value._32="0.000000" value._33="0.284563" value._34="0" value._41="-408.356723" value._42="101.994936" value._43="-6551.725531" value._44="1"/>
    <AttachTo/>
  </Locator>
  <Locator Version="2">
    <Name value="carmeet_daikoku_characterlocator_002"/>
    <GUID value="0"/>
    <SceneTransform value._11="0.284563" value._12="0.000000" value._13="0.958657" value._14="0" value._21="-0.000000" value._22="1.000000" value._23="-0.000000" value._24="0" value._31="-0.958657" value._32="0.000000" value._33="0.284563" value._34="0" value._41="-410.480478" value._42="101.994057" value._43="-6548.080610" value._44="1"/>
    <AttachTo/>
  </Locator>
  <Locator Version="2">
    <Name value="carmeet_daikoku_characterlocator_003"/>
    <GUID value="0"/>
    <SceneTransform value._11="0.284563" value._12="0.000000" value._13="0.958657" value._14="0" value._21="-0.000000" value._22="1.000000" value._23="-0.000000" value._24="0" value._31="-0.958657" value._32="0.000000" value._33="0.284563" value._34="0" value._41="-412.654794" value._42="101.993197" value._43="-6544.411078" value._44="1"/>
    <AttachTo/>
  </Locator>
  <Locator Version="2">
    <Name value="carmeet_daikoku_characterlocator_004"/>
    <GUID value="0"/>
    <SceneTransform value._11="0.284563" value._12="0.000000" value._13="0.958657" value._14="0" value._21="-0.000000" value._22="1.000000" value._23="-0.000000" value._24="0" value._31="-0.958657" value._32="0.000000" value._33="0.284563" value._34="0" value._41="-414.781308" value._42="101.991555" value._43="-6540.654438" value._44="1"/>
    <AttachTo/>
  </Locator>
  <Locator Version="2">
    <Name value="carmeet_daikoku_characterlocator_005"/>
    <GUID value="0"/>
    <SceneTransform value._11="0.284563" value._12="0.000000" value._13="0.958657" value._14="0" value._21="-0.000000" value._22="1.000000" value._23="-0.000000" value._24="0" value._31="-0.958657" value._32="0.000000" value._33="0.284563" value._34="0" value._41="-416.851767" value._42="101.989345" value._43="-6537.038812" value._44="1"/>
    <AttachTo/>
  </Locator>
  <Locator Version="2">
    <Name value="carmeet_daikoku_characterlocator_006"/>
    <GUID value="0"/>
    <SceneTransform value._11="0.459448" value._12="0.000000" value._13="0.888204" value._14="0" value._21="0.000000" value._22="1.000000" value._23="-0.000000" value._24="0" value._31="-0.888204" value._32="0.000000" value._33="0.459448" value._34="0" value._41="-418.831405" value._42="102.001888" value._43="-6533.202484" value._44="1"/>
    <AttachTo/>
  </Locator>
  <Locator Version="2">
    <Name value="carmeet_daikoku_characterlocator_007"/>
    <GUID value="0"/>
    <SceneTransform value._11="0.129474" value._12="-0.000000" value._13="-0.991583" value._14="0" value._21="0.000000" value._22="1.000000" value._23="-0.000000" value._24="0" value._31="0.991583" value._32="0.000000" value._33="0.129474" value._34="0" value._41="-408.569491" value._42="102.002840" value._43="-6529.896234" value._44="1"/>
    <AttachTo/>
  </Locator>
  <Locator Version="2">
    <Name value="carmeet_daikoku_characterlocator_008"/>
    <GUID value="0"/>
    <SceneTransform value._11="0.160887" value._12="-0.000000" value._13="-0.986973" value._14="0" value._21="0.000000" value._22="1.000000" value._23="-0.000000" value._24="0" value._31="0.986973" value._32="0.000000" value._33="0.160887" value._34="0" value._41="-407.816586" value._42="101.989828" value._43="-6533.438812" value._44="1"/>
    <AttachTo/>
  </Locator>
  <Locator Version="2">
    <Name value="carmeet_daikoku_characterlocator_009"/>
    <GUID value="0"/>
    <SceneTransform value._11="0.055926" value._12="-0.000000" value._13="-0.998435" value._14="0" value._21="0.000000" value._22="1.000000" value._23="-0.000000" value._24="0" value._31="0.998435" value._32="0.000000" value._33="0.055926" value._34="0" value._41="-406.015072" value._42="101.990926" value._43="-6537.043891" value._44="1"/>
    <AttachTo/>
  </Locator>
  <Locator Version="2">
    <Name value="carmeet_daikoku_characterlocator_010"/>
    <GUID value="0"/>
    <SceneTransform value._11="0.174369" value._12="-0.000000" value._13="-0.984680" value._14="0" value._21="0.000000" value._22="1.000000" value._23="-0.000000" value._24="0" value._31="0.984680" value._32="0.000000" value._33="0.174369" value._34="0" value._41="-403.978280" value._42="101.991799" value._43="-6540.735688" value._44="1"/>
    <AttachTo/>
  </Locator>
  <Locator Version="2">
    <Name value="carmeet_daikoku_characterlocator_011"/>
    <GUID value="0"/>
    <SceneTransform value._11="0.328616" value._12="-0.000000" value._13="-0.944464" value._14="0" value._21="0.000000" value._22="1.000000" value._23="-0.000000" value._24="0" value._31="0.944464" value._32="0.000000" value._33="0.328616" value._34="0" value._41="-402.156625" value._42="101.992885" value._43="-6544.448188" value._44="1"/>
    <AttachTo/>
  </Locator>
  <Locator Version="2">
    <Name value="carmeet_daikoku_characterlocator_012"/>
    <GUID value="0"/>
    <SceneTransform value._11="0.087240" value._12="-0.000000" value._13="-0.996187" value._14="0" value._21="0.000000" value._22="1.000000" value._23="-0.000000" value._24="0" value._31="0.996187" value._32="0.000000" value._33="0.087240" value._34="0" value._41="-401.707601" value._42="101.998482" value._43="-6548.306000" value._44="1"/>
    <AttachTo/>
  </Locator>
  <Locator Version="2">
    <Name value="carmeet_daikoku_locator"/>
    <GUID value="0"/>
    <SceneTransform value._11="0.518927" value._12="-0.000000" value._13="-0.854819" value._14="0" value._21="0.000000" value._22="1.000000" value._23="-0.000000" value._24="0" value._31="0.854819" value._32="0.000000" value._33="0.518927" value._34="0" value._41="-409.082064" value._42="101.992538" value._43="-6541.234125" value._44="1"/>
    <AttachTo/>
  </Locator>
  <Locator Version="2">
    <Name value="carmeet_daikoku_parkinglocator_001"/>
    <GUID value="0"/>
    <SceneTransform value._11="-0.069756" value._12="-0.000000" value._13="-0.997564" value._14="0" value._21="0.000000" value._22="1.000000" value._23="-0.000000" value._24="0" value._31="0.997564" value._32="-0.000000" value._33="-0.069756" value._34="0" value._41="-408.251010" value._42="101.995345" value._43="-6553.443110" value._44="1"/>
    <AttachTo/>
  </Locator>
  <Locator Version="2">
    <Name value="carmeet_daikoku_parkinglocator_002"/>
    <GUID value="0"/>
    <SceneTransform value._11="-0.069756" value._12="-0.000000" value._13="-0.997564" value._14="0" value._21="0.000000" value._22="1.000000" value._23="-0.000000" value._24="0" value._31="0.997564" value._32="-0.000000" value._33="-0.069756" value._34="0" value._41="-410.371005" value._42="101.994460" value._43="-6549.713031" value._44="1"/>
    <AttachTo/>
  </Locator>
  <Locator Version="2">
    <Name value="carmeet_daikoku_parkinglocator_003"/>
    <GUID value="0"/>
    <SceneTransform value._11="-0.069756" value._12="-0.000000" value._13="-0.997564" value._14="0" value._21="0.000000" value._22="1.000000" value._23="-0.000000" value._24="0" value._31="0.997564" value._32="-0.000000" value._33="-0.069756" value._34="0" value._41="-412.540829" value._42="101.993600" value._43="-6546.068500" value._44="1"/>
    <AttachTo/>
  </Locator>
  <Locator Version="2">
    <Name value="carmeet_daikoku_parkinglocator_004"/>
    <GUID value="0"/>
    <SceneTransform value._11="-0.069756" value._12="-0.000000" value._13="-0.997564" value._14="0" value._21="0.000000" value._22="1.000000" value._23="-0.000000" value._24="0" value._31="0.997564" value._32="-0.000000" value._33="-0.069756" value._34="0" value._41="-414.694589" value._42="101.992293" value._43="-6542.400141" value._44="1"/>
    <AttachTo/>
  </Locator>
  <Locator Version="2">
    <Name value="carmeet_daikoku_parkinglocator_005"/>
    <GUID value="0"/>
    <SceneTransform value._11="-0.069756" value._12="-0.000000" value._13="-0.997564" value._14="0" value._21="0.000000" value._22="1.000000" value._23="-0.000000" value._24="0" value._31="0.997564" value._32="-0.000000" value._33="-0.069756" value._34="0" value._41="-416.766415" value._42="101.990096" value._43="-6538.769281" value._44="1"/>
    <AttachTo/>
  </Locator>
  <Locator Version="2">
    <Name value="carmeet_daikoku_parkinglocator_006"/>
    <GUID value="0"/>
    <SceneTransform value._11="-0.069756" value._12="-0.000000" value._13="-0.997564" value._14="0" value._21="0.000000" value._22="1.000000" value._23="-0.000000" value._24="0" value._31="0.997564" value._32="-0.000000" value._33="-0.069756" value._34="0" value._41="-418.728329" value._42="101.987911" value._43="-6535.052875" value._44="1"/>
    <AttachTo/>
  </Locator>
  <Locator Version="2">
    <Name value="carmeet_daikoku_parkinglocator_007"/>
    <GUID value="0"/>
    <SceneTransform value._11="0.083779" value._12="0.000000" value._13="0.996484" value._14="0" value._21="0.000000" value._22="1.000000" value._23="-0.000000" value._24="0" value._31="-0.996484" value._32="0.000000" value._33="0.083779" value._34="0" value._41="-409.634872" value._42="101.987948" value._43="-6528.124750" value._44="1"/>
    <AttachTo/>
  </Locator>
  <Locator Version="2">
    <Name value="carmeet_daikoku_parkinglocator_008"/>
    <GUID value="0"/>
    <SceneTransform value._11="0.083782" value._12="0.000000" value._13="0.996484" value._14="0" value._21="-0.000000" value._22="1.000000" value._23="-0.000000" value._24="0" value._31="-0.996484" value._32="0.000000" value._33="0.083782" value._34="0" value._41="-407.419174" value._42="101.990243" value._43="-6531.909515" value._44="1"/>
    <AttachTo/>
  </Locator>
  <Locator Version="2">
    <Name value="carmeet_daikoku_parkinglocator_009"/>
    <GUID value="0"/>
    <SceneTransform value._11="0.083782" value._12="0.000000" value._13="0.996484" value._14="0" value._21="-0.000000" value._22="1.000000" value._23="-0.000000" value._24="0" value._31="-0.996484" value._32="0.000000" value._33="0.083782" value._34="0" value._41="-405.289511" value._42="101.991311" value._43="-6535.565766" value._44="1"/>
    <AttachTo/>
  </Locator>
  <Locator Version="2">
    <Name value="carmeet_daikoku_parkinglocator_010"/>
    <GUID value="0"/>
    <SceneTransform value._11="0.083782" value._12="0.000000" value._13="0.996484" value._14="0" value._21="-0.000000" value._22="1.000000" value._23="-0.000000" value._24="0" value._31="-0.996484" value._32="0.000000" value._33="0.083782" value._34="0" value._41="-403.231039" value._42="101.992190" value._43="-6539.239984" value._44="1"/>
    <AttachTo/>
  </Locator>
  <Locator Version="2">
    <Name value="carmeet_daikoku_parkinglocator_011"/>
    <GUID value="0"/>
    <SceneTransform value._11="0.083782" value._12="0.000000" value._13="0.996484" value._14="0" value._21="-0.000000" value._22="1.000000" value._23="-0.000000" value._24="0" value._31="-0.996484" value._32="0.000000" value._33="0.083782" value._34="0" value._41="-401.127938" value._42="101.993294" value._43="-6542.929828" value._44="1"/>
    <AttachTo/>
  </Locator>
  <Locator Version="2">
    <Name value="carmeet_daikoku_parkinglocator_012"/>
    <GUID value="0"/>
    <SceneTransform value._11="0.083782" value._12="0.000000" value._13="0.996484" value._14="0" value._21="-0.000000" value._22="1.000000" value._23="-0.000000" value._24="0" value._31="-0.996484" value._32="0.000000" value._33="0.083782" value._34="0" value._41="-399.204989" value._42="101.994546" value._43="-6546.641156" value._44="1"/>
    <AttachTo/>
  </Locator>
  <Locator Version="2">
    <Name value="carmeet_festival_characterlocator_001"/>
    <GUID value="0"/>
    <SceneTransform value._11="-0.154692" value._12="-0.000000" value._13="-0.987963" value._14="0" value._21="-0.000000" value._22="1.000000" value._23="-0.000000" value._24="0" value._31="0.987963" value._32="-0.000000" value._33="-0.154692" value._34="0" value._41="-1984.227191" value._42="388.908602" value._43="-853.987518" value._44="1"/>
    <AttachTo/>
  </Locator>
  <Locator Version="2">
    <Name value="carmeet_festival_characterlocator_002"/>
    <GUID value="0"/>
    <SceneTransform value._11="-0.172218" value._12="-0.000000" value._13="-0.985059" value._14="0" value._21="-0.000000" value._22="1.000000" value._23="-0.000000" value._24="0" value._31="0.985059" value._32="-0.000000" value._33="-0.172218" value._34="0" value._41="-1980.634222" value._42="388.893075" value._43="-856.420526" value._44="1"/>
    <AttachTo/>
  </Locator>
  <Locator Version="2">
    <Name value="carmeet_festival_characterlocator_003"/>
    <GUID value="0"/>
    <SceneTransform value._11="-0.378320" value._12="-0.000000" value._13="-0.925675" value._14="0" value._21="-0.000000" value._22="1.000000" value._23="-0.000000" value._24="0" value._31="0.925675" value._32="-0.000000" value._33="-0.378320" value._34="0" value._41="-1978.580121" value._42="388.877572" value._43="-860.043085" value._44="1"/>
    <AttachTo/>
  </Locator>
  <Locator Version="2">
    <Name value="carmeet_festival_characterlocator_004"/>
    <GUID value="0"/>
    <SceneTransform value._11="-0.333128" value._12="-0.000000" value._13="-0.942882" value._14="0" value._21="0.000000" value._22="1.000000" value._23="-0.000000" value._24="0" value._31="0.942882" value._32="-0.000000" value._33="-0.333128" value._34="0" value._41="-1975.188910" value._42="388.865902" value._43="-862.467206" value._44="1"/>
    <AttachTo/>
  </Locator>
  <Locator Version="2">
    <Name value="carmeet_festival_characterlocator_005"/>
    <GUID value="0"/>
    <SceneTransform value._11="-0.031090" value._12="-0.000000" value._13="-0.999517" value._14="0" value._21="0.000000" value._22="1.000000" value._23="-0.000000" value._24="0" value._31="0.999517" value._32="-0.000000" value._33="-0.031090" value._34="0" value._41="-1971.982074" value._42="388.864242" value._43="-865.392304" value._44="1"/>
    <AttachTo/>
  </Locator>
  <Locator Version="2">
    <Name value="carmeet_festival_characterlocator_006"/>
    <GUID value="0"/>
    <SceneTransform value._11="0.123295" value._12="-0.000000" value._13="-0.992370" value._14="0" value._21="0.000000" value._22="1.000000" value._23="-0.000000" value._24="0" value._31="0.992370" value._32="0.000000" value._33="0.123295" value._34="0" value._41="-1968.149066" value._42="388.861947" value._43="-868.176679" value._44="1"/>
    <AttachTo/>
  </Locator>
  <Locator Version="2">
    <Name value="carmeet_festival_characterlocator_007"/>
    <GUID value="0"/>
    <SceneTransform value._11="-0.752343" value._12="0.000000" value._13="0.658772" value._14="0" value._21="-0.000000" value._22="1.000000" value._23="-0.000000" value._24="0" value._31="-0.658772" value._32="-0.000000" value._33="-0.752343" value._34="0" value._41="-1981.189886" value._42="388.886019" value._43="-874.435663" value._44="1"/>
    <AttachTo/>
  </Locator>
  <Locator Version="2">
    <Name value="carmeet_festival_characterlocator_008"/>
    <GUID value="0"/>
    <SceneTransform value._11="-0.750361" value._12="0.000000" value._13="0.661029" value._14="0" value._21="0.000000" value._22="1.000000" value._23="-0.000000" value._24="0" value._31="-0.661029" value._32="-0.000000" value._33="-0.750361" value._34="0" value._41="-1984.834613" value._42="388.888290" value._43="-872.013495" value._44="1"/>
    <AttachTo/>
  </Locator>
  <Locator Version="2">
    <Name value="carmeet_festival_characterlocator_009"/>
    <GUID value="0"/>
    <SceneTransform value._11="-0.797080" value._12="0.000000" value._13="0.603873" value._14="0" value._21="0.000000" value._22="1.000000" value._23="-0.000000" value._24="0" value._31="-0.603873" value._32="-0.000000" value._33="-0.797080" value._34="0" value._41="-1987.419183" value._42="388.890023" value._43="-868.603339" value._44="1"/>
    <AttachTo/>
  </Locator>
  <Locator Version="2">
    <Name value="carmeet_festival_characterlocator_010"/>
    <GUID value="0"/>
    <SceneTransform value._11="-0.661977" value._12="0.000000" value._13="0.749524" value._14="0" value._21="-0.000000" value._22="1.000000" value._23="-0.000000" value._24="0" value._31="-0.749524" value._32="-0.000000" value._33="-0.661977" value._34="0" value._41="-1989.767230" value._42="388.891659" value._43="-865.132636" value._44="1"/>
    <AttachTo/>
  </Locator>
  <Locator Version="2">
    <Name value="carmeet_festival_characterlocator_011"/>
    <GUID value="0"/>
    <SceneTransform value._11="-0.752838" value._12="0.000000" value._13="0.658206" value._14="0" value._21="0.000000" value._22="1.000000" value._23="-0.000000" value._24="0" value._31="-0.658206" value._32="-0.000000" value._33="-0.752838" value._34="0" value._41="-1993.282269" value._42="388.899960" value._43="-862.474237" value._44="1"/>
    <AttachTo/>
  </Locator>
  <Locator Version="2">
    <Name value="carmeet_festival_characterlocator_012"/>
    <GUID value="0"/>
    <SceneTransform value._11="-0.703509" value._12="0.000000" value._13="0.710687" value._14="0" value._21="0.000000" value._22="1.000000" value._23="-0.000000" value._24="0" value._31="-0.710687" value._32="-0.000000" value._33="-0.703509" value._34="0" value._41="-1994.485980" value._42="388.915878" value._43="-857.861054" value._44="1"/>
    <AttachTo/>
  </Locator>
  <Locator Version="2">
    <Name value="carmeet_festival_locator"/>
    <GUID value="0"/>
    <SceneTransform value._11="0.669030" value._12="-0.000000" value._13="-0.743235" value._14="0" value._21="0.000000" value._22="1.000000" value._23="-0.000000" value._24="0" value._31="0.743235" value._32="0.000000" value._33="0.669030" value._34="0" value._41="-1982.071722" value._42="389.108797" value._43="-863.733710" value._44="1"/>
    <AttachTo/>
  </Locator>
  <Locator Version="2">
    <Name value="carmeet_festival_parkinglocator_001"/>
    <GUID value="0"/>
